shape,19620,19620
Row,Col,Val
0,0,1.3004614163295884484e-05
2,0,3.2904625965408588448e-06
4,0,6.5023070816479413951e-06
2902,0,3.2118444851070829738e-06
1,1,1.3004614163295884484e-05
3,1,3.2904625965408588448e-06
5,1,6.5023070816479413951e-06
2903,1,3.2118444851070829738e-06
0,2,3.2904625965408588448e-06
2,2,2.1994720904040605174e-05
4,2,6.5179017619294939612e-06
778,2,4.4794586900908086257e-06
2900,2,7.7068978554794403539e-06
1,3,3.2904625965408588448e-06
3,3,2.1994720904040605174e-05
5,3,6.5179017619294939612e-06
779,3,4.4794586900908086257e-06
2901,3,7.7068978554794403539e-06
0,4,6.5023070816479413951e-06
2,4,6.5179017619294939612e-06
4,4,3.2147887454897806372e-05
790,4,6.3441974804123283684e-06
2900,4,6.6381539360511328485e-06
2902,4,6.1453271948569114925e-06
1,5,6.5023070816479413951e-06
3,5,6.5179017619294939612e-06
5,5,3.2147887454897806372e-05
791,5,6.3441974804123283684e-06
2901,5,6.6381539360511328485e-06
2903,5,6.1453271948569114925e-06
6,6,3.0698225376770987176e-05
8,6,5.8573529527123035005e-06
10,6,5.965635867011986242e-06
4274,6,6.2805769191284214995e-06
4276,6,6.2019785297666609722e-06
5168,6,6.3926811081516141152e-06
7,7,3.0698225376770987176e-05
9,7,5.8573529527123035005e-06
11,7,5.965635867011986242e-06
4275,7,6.2805769191284214995e-06
4277,7,6.2019785297666609722e-06
5169,7,6.3926811081516141152e-06
6,8,5.8573529527123035005e-06
8,8,1.8936837297438695077e-05
10,8,6.3655187464742574567e-06
2906,8,3.611065696007044038e-06
5168,8,3.1028999022450866937e-06
7,9,5.8573529527123035005e-06
9,9,1.8936837297438695077e-05
11,9,6.3655187464742574567e-06
2907,9,3.611065696007044038e-06
5169,9,3.1028999022450866937e-06
6,10,5.965635867011986242e-06
8,10,6.3655187464742574567e-06
10,10,4.0543126344161838862e-05
806,10,7.1317041388402094859e-06
2904,10,7.1401043771848968504e-06
2906,10,7.174223166228719468e-06
4276,10,6.7659400484217642769e-06
7,11,5.965635867011986242e-06
9,11,6.3655187464742574567e-06
11,11,4.0543126344161838862e-05
807,11,7.1317041388402094859e-06
2905,11,7.1401043771848968504e-06
2907,11,7.174223166228719468e-06
4277,11,6.7659400484217642769e-06
12,12,1.3211496117943313328e-05
14,12,3.2883782627503490702e-06
16,12,6.6057480589716549698e-06
2912,12,3.3173697962213050526e-06
13,13,1.3211496117943313328e-05
15,13,3.2883782627503490702e-06
17,13,6.6057480589716549698e-06
2913,13,3.3173697962213050526e-06
12,14,3.2883782627503490702e-06
14,14,2.3601168442171675745e-05
16,14,6.6181410289542795655e-06
810,14,5.1824431921315591539e-06
2910,14,8.512205958335485414e-06
13,15,3.2883782627503490702e-06
15,15,2.3601168442171675745e-05
17,15,6.6181410289542795655e-06
811,15,5.1824431921315591539e-06
2911,15,8.512205958335485414e-06
12,16,6.6057480589716549698e-06
14,16,6.6181410289542795655e-06
16,16,3.3006365190766057214e-05
822,16,6.5676717702074389067e-06
2910,16,6.906994714102966375e-06
2912,16,6.3078096185297072326e-06
13,17,6.6057480589716549698e-06
15,17,6.6181410289542795655e-06
17,17,3.3006365190766057214e-05
823,17,6.5676717702074389067e-06
2911,17,6.906994714102966375e-06
2913,17,6.3078096185297072326e-06
18,18,3.0696308651663159527e-05
20,18,5.8573529754656286373e-06
22,18,5.96563611641101452e-06
4462,18,6.279618304229442055e-06
4464,18,6.2018367972524844617e-06
5170,18,6.3918644583045906998e-06
19,19,3.0696308651663159527e-05
21,19,5.8573529754656286373e-06
23,19,5.96563611641101452e-06
4463,19,6.279618304229442055e-06
4465,19,6.2018367972524844617e-06
5171,19,6.3918644583045906998e-06
18,20,5.8573529754656286373e-06
20,20,1.8936837408451117747e-05
22,20,6.3655187990344314501e-06
2916,20,3.6110657287599310834e-06
5170,20,3.1028999051911240354e-06
19,21,5.8573529754656286373e-06
21,21,1.8936837408451117747e-05
23,21,6.3655187990344314501e-06
2917,21,3.6110657287599310834e-06
5171,21,3.1028999051911240354e-06
18,22,5.96563611641101452e-06
20,22,6.3655187990344314501e-06
22,22,4.0543124180492380961e-05
838,22,7.1317039280638498767e-06
2914,22,7.1401028735818195041e-06
2916,22,7.17422204577132439e-06
4464,22,6.7659404176299403735e-06
19,23,5.96563611641101452e-06
21,23,6.3655187990344314501e-06
23,23,4.0543124180492380961e-05
839,23,7.1317039280638498767e-06
2915,23,7.1401028735818195041e-06
2917,23,7.17422204577132439e-06
4465,23,6.7659404176299403735e-06
24,24,1.3211671055802725287e-05
26,24,3.2883879610615983423e-06
28,24,6.6058355279013626437e-06
2922,24,3.3174475668397634544e-06
25,25,1.3211671055802725287e-05
27,25,3.2883879610615983423e-06
29,25,6.6058355279013626437e-06
2923,25,3.3174475668397634544e-06
24,26,3.2883879610615983423e-06
26,26,2.3614449861755900609e-05
28,26,6.6290625212832703455e-06
842,26,5.1781624095946825003e-06
2920,26,8.5188369698163485743e-06
25,27,3.2883879610615983423e-06
27,27,2.3614449861755900609e-05
29,27,6.6290625212832703455e-06
843,27,5.1781624095946825003e-06
2921,27,8.5188369698163485743e-06
24,28,6.6058355279013626437e-06
26,28,6.6290625212832703455e-06
28,28,3.3058437461602906593e-05
854,28,6.5827086426784161085e-06
2920,28,6.932892938269692479e-06
2922,28,6.3079378314701590872e-06
25,29,6.6058355279013626437e-06
27,29,6.6290625212832703455e-06
29,29,3.3058437461602906593e-05
855,29,6.5827086426784161085e-06
2921,29,6.932892938269692479e-06
2923,29,6.3079378314701590872e-06
30,30,3.1332218230894385376e-05
32,30,6.1015110101127738255e-06
34,30,6.1996617068407046749e-06
4648,30,6.2925141194280535752e-06
4650,30,6.1861232848391319524e-06
5172,30,6.5524081096737162656e-06
31,31,3.1332218230894385376e-05
33,31,6.1015110101127738255e-06
35,31,6.1996617068407046749e-06
4649,31,6.2925141194280535752e-06
4651,31,6.1861232848391319524e-06
5173,31,6.5524081096737162656e-06
30,32,6.1015110101127738255e-06
32,32,1.9328525893653614995e-05
34,32,6.4903296576483696713e-06
2926,32,3.5627519367140311307e-06
5172,32,3.1739332891784327438e-06
31,33,6.1015110101127738255e-06
33,33,1.9328525893653614995e-05
35,33,6.4903296576483696713e-06
2927,33,3.5627519367140311307e-06
5173,33,3.1739332891784327438e-06
30,34,6.1996617068407046749e-06
32,34,6.4903296576483696713e-06
34,34,4.0625742731538325636e-05
870,34,7.0286204286987927773e-06
2924,34,7.0385926200141858488e-06
2926,34,7.0845892302296585894e-06
4650,34,6.7839490881066047566e-06
31,35,6.1996617068407046749e-06
33,35,6.4903296576483696713e-06
35,35,4.0625742731538325636e-05
871,35,7.0286204286987927773e-06
2925,35,7.0385926200141858488e-06
2927,35,7.0845892302296585894e-06
4651,35,6.7839490881066047566e-06
36,36,1.33747965887719106e-05
38,36,3.9399666847427202348e-06
40,36,6.6873982943859527591e-06
2932,36,2.7474316096432346418e-06
37,37,1.33747965887719106e-05
39,37,3.9399666847427202348e-06
41,37,6.6873982943859527591e-06
2933,37,2.7474316096432346418e-06
36,38,3.9399666847427202348e-06
38,38,3.0238335590827558348e-05
40,38,7.6716562404293968283e-06
874,38,3.406604984732777942e-06
2930,38,7.4475115549843781104e-06
2934,38,7.7725961259382780324e-06
37,39,3.9399666847427202348e-06
39,39,3.0238335590827558348e-05
41,39,7.6716562404293968283e-06
875,39,3.406604984732777942e-06
2931,39,7.4475115549843781104e-06
2935,39,7.7725961259382780324e-06
36,40,6.6873982943859527591e-06
38,40,7.6716562404293968283e-06
40,40,3.137569160322872374e-05
886,40,5.2687579515417291295e-06
2932,40,5.23086608652648707e-06
2934,40,6.5170130303451554124e-06
37,41,6.6873982943859527591e-06
39,41,7.6716562404293968283e-06
41,41,3.137569160322872374e-05
887,41,5.2687579515417291295e-06
2933,41,5.23086608652648707e-06
2935,41,6.5170130303451554124e-06
42,42,4.1486043986572755031e-05
44,42,6.5203529540196940314e-06
46,42,5.9585518202490786544e-06
2444,42,7.2952963376718563745e-06
2446,42,7.1934221114723799809e-06
2940,42,6.9273727015948279566e-06
5174,42,7.591048061564917186e-06
43,43,4.1486043986572755031e-05
45,43,6.5203529540196940314e-06
47,43,5.9585518202490786544e-06
2445,43,7.2952963376718563745e-06
2447,43,7.1934221114723799809e-06
2941,43,6.9273727015948279566e-06
5175,43,7.591048061564917186e-06
42,44,6.5203529540196940314e-06
44,44,1.8887223248037397175e-05
46,44,5.7303033863031812632e-06
2936,44,2.9232586699990041326e-06
5174,44,3.7133082377155156303e-06
43,45,6.5203529540196940314e-06
45,45,1.8887223248037397175e-05
47,45,5.7303033863031812632e-06
2937,45,2.9232586699990041326e-06
5175,45,3.7133082377155156303e-06
42,46,5.9585518202490786544e-06
44,46,5.7303033863031812632e-06
46,46,3.0963141637486022643e-05
902,46,6.5997603284949314992e-06
2936,46,6.1269258784539959038e-06
2940,46,6.5476002239848370167e-06
43,47,5.9585518202490786544e-06
45,47,5.7303033863031812632e-06
47,47,3.0963141637486022643e-05
903,47,6.5997603284949314992e-06
2937,47,6.1269258784539959038e-06
2941,47,6.5476002239848370167e-06
48,48,1.3211671055803811184e-05
50,48,3.288387961061643235e-06
52,48,6.6058355279019047448e-06
2944,48,3.3174475668402615098e-06
49,49,1.3211671055803811184e-05
51,49,3.288387961061643235e-06
53,49,6.6058355279019047448e-06
2945,49,3.3174475668402615098e-06
48,50,3.288387961061643235e-06
50,50,2.3614449861756493532e-05
52,50,6.6290625212835303846e-06
906,50,5.1781624095947172286e-06
2942,50,8.5188369698165992961e-06
49,51,3.288387961061643235e-06
51,51,2.3614449861756493532e-05
53,51,6.6290625212835303846e-06
907,51,5.1781624095947172286e-06
2943,51,8.5188369698165992961e-06
48,52,6.6058355279019047448e-06
50,52,6.6290625212835303846e-06
52,52,3.3058437461605840715e-05
918,52,6.5827086426791284632e-06
2942,52,6.93289293827018037e-06
2944,52,6.3079378314710950586e-06
49,53,6.6058355279019047448e-06
51,53,6.6290625212835303846e-06
53,53,3.3058437461605840715e-05
919,53,6.5827086426791284632e-06
2943,53,6.93289293827018037e-06
2945,53,6.3079378314710950586e-06
54,54,4.1486043995413176915e-05
56,54,6.520352954019323878e-06
58,54,5.9585518219563057469e-06
2688,54,7.2952963393141956609e-06
2690,54,7.193422114185582365e-06
2950,54,6.9273727043730697655e-06
5176,54,7.5910480615646978045e-06
55,55,4.1486043995413176915e-05
57,55,6.520352954019323878e-06
59,55,5.9585518219563057469e-06
2689,55,7.2952963393141956609e-06
2691,55,7.193422114185582365e-06
2951,55,6.9273727043730697655e-06
5177,55,7.5910480615646978045e-06
54,56,6.520352954019323878e-06
56,56,1.8887223248035825082e-05
58,56,5.7303033863025756346e-06
2946,56,2.923258669998588663e-06
5176,56,3.7133082377153360594e-06
55,57,6.520352954019323878e-06
57,57,1.8887223248035825082e-05
59,57,5.7303033863025756346e-06
2947,57,2.923258669998588663e-06
5177,57,3.7133082377153360594e-06
54,58,5.9585518219563057469e-06
56,58,5.7303033863025756346e-06
58,58,3.0963141644660445917e-05
934,58,6.5997603303753327837e-06
2946,58,6.1269258785719435477e-06
2950,58,6.547600227454291592e-06
55,59,5.9585518219563057469e-06
57,59,5.7303033863025756346e-06
59,59,3.0963141644660445917e-05
935,59,6.5997603303753327837e-06
2947,59,6.1269258785719435477e-06
2951,59,6.547600227454291592e-06
60,60,2.9340609340766687137e-05
62,60,3.3903477828259395726e-06
64,60,6.881315650341346121e-06
1380,60,4.1113190197003348739e-06
4020,60,7.7889890200419949066e-06
4330,60,7.1686378678570657341e-06
61,61,2.9340609340766687137e-05
63,61,3.3903477828259395726e-06
65,61,6.881315650341346121e-06
1381,61,4.1113190197003348739e-06
4021,61,7.7889890200419949066e-06
4331,61,7.1686378678570657341e-06
60,62,3.3903477828259395726e-06
62,62,2.2503606002715495038e-05
64,62,6.7542975142883274206e-06
938,62,4.4975054870694200983e-06
2952,62,7.8614552185318045582e-06
61,63,3.3903477828259395726e-06
63,63,2.2503606002715495038e-05
65,63,6.7542975142883274206e-06
939,63,4.4975054870694200983e-06
2953,63,7.8614552185318045582e-06
60,64,6.881315650341346121e-06
62,64,6.7542975142883274206e-06
64,64,3.3202961827388451121e-05
2952,64,6.8135075657075125236e-06
3724,64,6.3562155318904865091e-06
4330,64,6.3976255651607743112e-06
61,65,6.881315650341346121e-06
63,65,6.7542975142883274206e-06
65,65,3.3202961827388451121e-05
2953,65,6.8135075657075125236e-06
3725,65,6.3562155318904865091e-06
4331,65,6.3976255651607743112e-06
66,66,2.2389168903053522568e-05
68,66,7.390695980713480893e-06
70,66,7.5665270643806517586e-06
2958,66,3.8038884708132795438e-06
4032,66,3.6280573871461095251e-06
67,67,2.2389168903053522568e-05
69,67,7.390695980713480893e-06
71,67,7.5665270643806517586e-06
2959,67,3.8038884708132795438e-06
4033,67,3.6280573871461095251e-06
66,68,7.390695980713480893e-06
68,68,4.4889523001990189286e-05
70,68,7.3843447652128282912e-06
72,68,7.3371155923027289822e-06
1402,68,7.7169499279788796855e-06
2960,68,7.7329573813569733501e-06
4032,68,7.3274593544252887665e-06
67,69,7.390695980713480893e-06
69,69,4.4889523001990189286e-05
71,69,7.3843447652128282912e-06
73,69,7.3371155923027289822e-06
1403,69,7.7169499279788796855e-06
2961,69,7.7329573813569733501e-06
4033,69,7.3274593544252887665e-06
66,70,7.5665270643806517586e-06
68,70,7.3843447652128282912e-06
70,70,4.5254671610351314415e-05
72,70,6.9244904314830561765e-06
960,70,8.1363183093119475782e-06
2956,70,7.3048188594735767994e-06
2958,70,7.9381721804892478817e-06
67,71,7.5665270643806517586e-06
69,71,7.3843447652128282912e-06
71,71,4.5254671610351314415e-05
73,71,6.9244904314830561765e-06
961,71,8.1363183093119475782e-06
2957,71,7.3048188594735767994e-06
2959,71,7.9381721804892478817e-06
68,72,7.3371155923027289822e-06
70,72,6.9244904314830561765e-06
72,72,3.9688837090383741375e-05
952,72,6.0849571491181471882e-06
974,72,5.8469359649365155144e-06
2956,72,6.6603669879526194146e-06
2960,72,6.8349709645906673227e-06
69,73,7.3371155923027289822e-06
71,73,6.9244904314830561765e-06
73,73,3.9688837090383741375e-05
953,73,6.0849571491181471882e-06
975,73,5.8469359649365155144e-06
2957,73,6.6603669879526194146e-06
2961,73,6.8349709645906673227e-06
74,74,5.3084210393354846471e-05
76,74,8.7332809367202263726e-06
78,74,8.0008517750789714224e-06
1420,74,7.6874379208717923486e-06
1990,74,6.9918288450676593443e-06
1992,74,6.4495816003737772233e-06
4054,74,8.5653010988761314217e-06
4442,74,6.6559282163662874914e-06
75,75,5.3084210393354846471e-05
77,75,8.7332809367202263726e-06
79,75,8.0008517750789714224e-06
1421,75,7.6874379208717923486e-06
1991,75,6.9918288450676593443e-06
1993,75,6.4495816003737772233e-06
4055,75,8.5653010988761314217e-06
4443,75,6.6559282163662874914e-06
74,76,8.7332809367202263726e-06
76,76,2.5152521308496945712e-05
78,76,8.1720267538955863797e-06
2966,76,3.8429797175282473306e-06
4054,76,4.4042339003528847824e-06
75,77,8.7332809367202263726e-06
77,77,2.5152521308496945712e-05
79,77,8.1720267538955863797e-06
2967,77,3.8429797175282473306e-06
4055,77,4.4042339003528847824e-06
74,78,8.0008517750789714224e-06
76,78,8.1720267538955863797e-06
78,78,5.1772627068859889191e-05
976,78,7.9798872704461316371e-06
990,78,6.5993509780777751184e-06
2966,78,8.210370447966631709e-06
2968,78,6.0625947713765933583e-06
4442,78,6.7475450720181978718e-06
75,79,8.0008517750789714224e-06
77,79,8.1720267538955863797e-06
79,79,5.1772627068859889191e-05
977,79,7.9798872704461316371e-06
991,79,6.5993509780777751184e-06
2967,79,8.210370447966631709e-06
2969,79,6.0625947713765933583e-06
4443,79,6.7475450720181978718e-06
80,80,3.3844431408847471194e-05
82,80,6.4268673773788913544e-06
84,80,5.71844768912543356e-06
86,80,7.4621109024723632133e-06
1852,80,7.6121731577365693423e-06
2972,80,6.6248322821342154178e-06
81,81,3.3844431408847471194e-05
83,81,6.4268673773788913544e-06
85,81,5.71844768912543356e-06
87,81,7.4621109024723632133e-06
1853,81,7.6121731577365693423e-06
2973,81,6.6248322821342154178e-06
80,82,6.4268673773788913544e-06
82,82,4.6263682654522205677e-05
84,82,6.2013883848229685688e-06
86,82,6.6615359453174509359e-06
90,82,6.062288971596277608e-06
1018,82,6.968643224434599647e-06
1020,82,7.2765691132801171907e-06
2976,82,6.6663896376918944426e-06
81,83,6.4268673773788913544e-06
83,83,4.6263682654522205677e-05
85,83,6.2013883848229685688e-06
87,83,6.6615359453174509359e-06
91,83,6.062288971596277608e-06
1019,83,6.968643224434599647e-06
1021,83,7.2765691132801171907e-06
2977,83,6.6663896376918944426e-06
80,84,5.71844768912543356e-06
82,84,6.2013883848229685688e-06
84,84,3.1175775872280484251e-05
1018,84,6.5686693778375051823e-06
2970,84,6.5033243820089893392e-06
2972,84,6.1839460384855799775e-06
81,85,5.71844768912543356e-06
83,85,6.2013883848229685688e-06
85,85,3.1175775872280484251e-05
1019,85,6.5686693778375051823e-06
2971,85,6.5033243820089893392e-06
2973,85,6.1839460384855799775e-06
80,86,7.4621109024723632133e-06
82,86,6.6615359453174509359e-06
86,86,5.3690838348369711178e-05
88,86,6.5108204555955731844e-06
90,86,6.266802891921269752e-06
1852,86,7.1223419964111479505e-06
4068,86,6.6104700560303198331e-06
4288,86,6.5507207768606877534e-06
4352,86,6.5060353237608968614e-06
81,87,7.4621109024723632133e-06
83,87,6.6615359453174509359e-06
87,87,5.3690838348369711178e-05
89,87,6.5108204555955731844e-06
91,87,6.266802891921269752e-06
1853,87,7.1223419964111479505e-06
4069,87,6.6104700560303198331e-06
4289,87,6.5507207768606877534e-06
4353,87,6.5060353237608968614e-06
86,88,6.5108204555955731844e-06
88,88,5.1863989386705668615e-05
90,88,6.3303435939689525758e-06
1012,88,6.5248089070594828865e-06
1444,88,6.5358023646558176541e-06
2974,88,6.4837611990393904601e-06
2976,88,6.3605629660419580414e-06
4066,88,6.523343955786961549e-06
4068,88,6.5945459445575271815e-06
87,89,6.5108204555955731844e-06
89,89,5.1863989386705668615e-05
91,89,6.3303435939689525758e-06
1013,89,6.5248089070594828865e-06
1445,89,6.5358023646558176541e-06
2975,89,6.4837611990393904601e-06
2977,89,6.3605629660419580414e-06
4067,89,6.523343955786961549e-06
4069,89,6.5945459445575271815e-06
82,90,6.062288971596277608e-06
86,90,6.266802891921269752e-06
88,90,6.3303435939689525758e-06
90,90,2.4785265131130460367e-05
2976,90,6.1258296736439570436e-06
83,91,6.062288971596277608e-06
87,91,6.266802891921269752e-06
89,91,6.3303435939689525758e-06
91,91,2.4785265131130460367e-05
2977,91,6.1258296736439570436e-06
92,92,2.4424261355453618099e-05
94,92,3.3425803756830283582e-06
96,92,7.2304243190328649503e-06
4518,92,4.9817063586939440989e-06
4520,92,8.8695503020437756089e-06
93,93,2.4424261355453618099e-05
95,93,3.3425803756830283582e-06
97,93,7.2304243190328649503e-06
4519,93,4.9817063586939440989e-06
4521,93,8.8695503020437756089e-06
92,94,3.3425803756830283582e-06
94,94,2.2271092073205380542e-05
96,94,7.0698001880385941009e-06
1026,94,4.0657458485640944761e-06
2978,94,7.7929656609196568308e-06
93,95,3.3425803756830283582e-06
95,95,2.2271092073205380542e-05
97,95,7.0698001880385941009e-06
1027,95,4.0657458485640944761e-06
2979,95,7.7929656609196568308e-06
92,96,7.2304243190328649503e-06
94,96,7.0698001880385941009e-06
96,96,3.6529335595921761444e-05
2978,96,7.2548918002123364364e-06
3784,96,7.307023666572448335e-06
4520,96,7.6671956220655193158e-06
93,97,7.2304243190328649503e-06
95,97,7.0698001880385941009e-06
97,97,3.6529335595921761444e-05
2979,97,7.2548918002123364364e-06
3785,97,7.307023666572448335e-06
4521,97,7.6671956220655193158e-06
98,98,2.2389176222979942805e-05
100,98,7.3906996339770161526e-06
102,98,7.5665301934401581739e-06
2984,98,3.8038884775129539792e-06
4084,98,3.6280579180498123815e-06
99,99,2.2389176222979942805e-05
101,99,7.3906996339770161526e-06
103,99,7.5665301934401581739e-06
2985,99,3.8038884775129539792e-06
4085,99,3.6280579180498123815e-06
98,100,7.3906996339770161526e-06
100,100,4.4889723799485756759e-05
102,100,7.384350053252197236e-06
104,100,7.3371465738390868072e-06
1490,100,7.7170156919267694903e-06
2986,100,7.7330161883065871473e-06
4084,100,7.3274956581840897609e-06
99,101,7.3906996339770161526e-06
101,101,4.4889723799485756759e-05
103,101,7.384350053252197236e-06
105,101,7.3371465738390868072e-06
1491,101,7.7170156919267694903e-06
2987,101,7.7330161883065871473e-06
4085,101,7.3274956581840897609e-06
98,102,7.5665301934401581739e-06
100,102,7.384350053252197236e-06
102,102,4.5254687975448918834e-05
104,102,6.9244939583918830152e-06
1048,102,8.136319835892418228e-06
2982,102,7.3048208320402595824e-06
2984,102,7.9381731024319983635e-06
99,103,7.5665301934401581739e-06
101,103,7.384350053252197236e-06
103,103,4.5254687975448918834e-05
105,103,6.9244939583918830152e-06
1049,103,8.136319835892418228e-06
2983,103,7.3048208320402595824e-06
2985,103,7.9381731024319983635e-06
100,104,7.3371465738390868072e-06
102,104,6.9244939583918830152e-06
104,104,3.9688982903236994892e-05
1040,104,6.0849655194482347379e-06
1062,104,5.8469752293557469768e-06
2982,104,6.660369648423660274e-06
2986,104,6.8350319737783813871e-06
101,105,7.3371465738390868072e-06
103,105,6.9244939583918830152e-06
105,105,3.9688982903236994892e-05
1041,105,6.0849655194482347379e-06
1063,105,5.8469752293557469768e-06
2983,105,6.660369648423660274e-06
2987,105,6.8350319737783813871e-06
106,106,5.3084209543687741948e-05
108,106,8.7332809367214918398e-06
110,106,8.0008517424385483297e-06
1508,106,7.6874377130748236975e-06
2198,106,6.9918286294962513029e-06
2200,106,6.4495814159784730556e-06
4104,106,8.5653010505489054794e-06
4628,106,6.6559280554292567131e-06
107,107,5.3084209543687741948e-05
109,107,8.7332809367214918398e-06
111,107,8.0008517424385483297e-06
1509,107,7.6874377130748236975e-06
2199,107,6.9918286294962513029e-06
2201,107,6.4495814159784730556e-06
4105,107,8.5653010505489054794e-06
4629,107,6.6559280554292567131e-06
106,108,8.7332809367214918398e-06
108,108,2.5152521308498541522e-05
110,108,8.1720267538972330118e-06
2992,108,3.8429797175277772273e-06
4104,108,4.4042339003520326673e-06
107,109,8.7332809367214918398e-06
109,109,2.5152521308498541522e-05
111,109,8.1720267538972330118e-06
2993,109,3.8429797175277772273e-06
4105,109,4.4042339003520326673e-06
106,110,8.0008517424385483297e-06
108,110,8.1720267538972330118e-06
110,110,5.1772626876320592781e-05
1064,110,7.9798872704466483272e-06
1078,110,6.5993509780782147285e-06
2992,110,8.2103704479664182567e-06
2994,110,6.0625947077473233535e-06
4628,110,6.747544975746208468e-06
107,111,8.0008517424385483297e-06
109,111,8.1720267538972330118e-06
111,111,5.1772626876320592781e-05
1065,111,7.9798872704466483272e-06
1079,111,6.5993509780782147285e-06
2993,111,8.2103704479664182567e-06
2995,111,6.0625947077473233535e-06
4629,111,6.747544975746208468e-06
112,112,3.3787167773411632321e-05
114,112,6.4259774046700188964e-06
116,112,5.7199206122741717395e-06
118,112,7.4466859391975146615e-06
2060,112,7.5833847212680199125e-06
2998,112,6.6111990960019071111e-06
113,113,3.3787167773411632321e-05
115,113,6.4259774046700188964e-06
117,113,5.7199206122741717395e-06
119,113,7.4466859391975146615e-06
2061,113,7.5833847212680199125e-06
2999,113,6.6111990960019071111e-06
112,114,6.4259774046700188964e-06
114,114,4.6252678497283358349e-05
116,114,6.2013511189847913801e-06
118,114,6.6570020995736285565e-06
122,114,6.0579158690759728418e-06
1106,114,6.9682388051677274452e-06
1108,114,7.2767937074172819739e-06
3002,114,6.6653994923939245497e-06
113,115,6.4259774046700188964e-06
115,115,4.6252678497283358349e-05
117,115,6.2013511189847913801e-06
119,115,6.6570020995736285565e-06
123,115,6.0579158690759728418e-06
1107,115,6.9682388051677274452e-06
1109,115,7.2767937074172819739e-06
3003,115,6.6653994923939245497e-06
112,116,5.7199206122741717395e-06
114,116,6.2013511189847913801e-06
116,116,3.1170986686995868912e-05
1106,116,6.5675159584876401342e-06
2996,116,6.4999204637453614891e-06
2998,116,6.182278533503904169e-06
113,117,5.7199206122741717395e-06
115,117,6.2013511189847913801e-06
117,117,3.1170986686995868912e-05
1107,117,6.5675159584876401342e-06
2997,117,6.4999204637453614891e-06
2999,117,6.182278533503904169e-06
112,118,7.4466859391975146615e-06
114,118,6.6570020995736285565e-06
118,118,5.5387531608713264249e-05
120,118,6.4385623494527215031e-06
122,118,6.2605392926663348211e-06
2060,118,7.9555481790750469764e-06
4118,118,6.3941038243732990762e-06
4476,118,6.6426531762552367826e-06
4534,118,7.5924367481194793305e-06
113,119,7.4466859391975146615e-06
115,119,6.6570020995736285565e-06
119,119,5.5387531608713264249e-05
121,119,6.4385623494527215031e-06
123,119,6.2605392926663348211e-06
2061,119,7.9555481790750469764e-06
4119,119,6.3941038243732990762e-06
4477,119,6.6426531762552367826e-06
4535,119,7.5924367481194793305e-06
118,120,6.4385623494527215031e-06
120,120,5.1395687535225100797e-05
122,120,6.3261850407485217828e-06
1100,120,6.5234664825273123724e-06
1532,120,6.3766967864268540606e-06
3000,120,6.4829976738829267556e-06
3002,120,6.3591181492056624626e-06
4116,120,6.5218669582268692749e-06
4118,120,6.3667940947542317384e-06
119,121,6.4385623494527215031e-06
121,121,5.1395687535225100797e-05
123,121,6.3261850407485217828e-06
1101,121,6.5234664825273123724e-06
1533,121,6.3766967864268540606e-06
3001,121,6.4829976738829267556e-06
3003,121,6.3591181492056624626e-06
4117,121,6.5218669582268692749e-06
4119,121,6.3667940947542317384e-06
114,122,6.0579158690759728418e-06
118,122,6.2605392926663348211e-06
120,122,6.3261850407485217828e-06
122,122,2.4768201819648992637e-05
3002,122,6.1235616171581581094e-06
115,123,6.0579158690759728418e-06
119,123,6.2605392926663348211e-06
121,123,6.3261850407485217828e-06
123,123,2.4768201819648992637e-05
3003,123,6.1235616171581581094e-06
124,124,2.2389176222982189136e-05
126,124,7.3906996339778123636e-06
128,124,7.566530193440906951e-06
3012,124,3.8038884775132813574e-06
4136,124,3.628057918050187617e-06
125,125,2.2389176222982189136e-05
127,125,7.3906996339778123636e-06
129,125,7.566530193440906951e-06
3013,125,3.8038884775132813574e-06
4137,125,3.628057918050187617e-06
124,126,7.3906996339778123636e-06
126,126,4.4889723925129731692e-05
128,126,7.3843500532528697801e-06
130,126,7.3371465981175997977e-06
1578,126,7.7170157304694486026e-06
3014,126,7.7330162290478182013e-06
4136,126,7.3274956802641727824e-06
125,127,7.3906996339778123636e-06
127,127,4.4889723925129731692e-05
129,127,7.3843500532528697801e-06
131,127,7.3371465981175997977e-06
1579,127,7.7170157304694486026e-06
3015,127,7.7330162290478182013e-06
4137,127,7.3274956802641727824e-06
124,128,7.566530193440906951e-06
126,128,7.3843500532528697801e-06
128,128,4.5254687975452306966e-05
130,128,6.9244939583923336367e-06
1136,128,8.1363198358929162833e-06
3010,128,7.3048208320406314299e-06
3012,128,7.9381731024326522729e-06
125,129,7.566530193440906951e-06
127,129,7.3843500532528697801e-06
129,129,4.5254687975452306966e-05
131,129,6.9244939583923336367e-06
1137,129,8.1363198358929162833e-06
3011,129,7.3048208320406314299e-06
3013,129,7.9381731024326522729e-06
126,130,7.3371465981175997977e-06
128,130,6.9244939583923336367e-06
130,130,3.9688982994577951501e-05
1128,130,6.0849655194484786834e-06
1150,130,5.8469752507474158289e-06
3010,130,6.6603696484239584296e-06
3014,130,6.8350320194481668182e-06
127,131,7.3371465981175997977e-06
129,131,6.9244939583923336367e-06
131,131,3.9688982994577951501e-05
1129,131,6.0849655194484786834e-06
1151,131,5.8469752507474158289e-06
3011,131,6.6603696484239584296e-06
3015,131,6.8350320194481668182e-06
132,132,5.3084665736402374906e-05
134,132,8.7332780855867362378e-06
136,132,8.0008706465125755856e-06
1596,132,7.6874950986597381753e-06
2406,132,6.9919762944827824316e-06
2408,132,6.4497326616192556783e-06
4156,132,8.5652652675712164383e-06
4814,132,6.656047681970066971e-06
133,133,5.3084665736402374906e-05
135,133,8.7332780855867362378e-06
137,133,8.0008706465125755856e-06
1597,133,7.6874950986597381753e-06
2407,133,6.9919762944827824316e-06
2409,133,6.4497326616192556783e-06
4157,133,8.5652652675712164383e-06
4815,133,6.656047681970066971e-06
132,134,8.7332780855867362378e-06
134,134,2.5152515778444763881e-05
136,134,8.1720234278127588446e-06
3020,134,3.8429798036356465499e-06
4156,134,4.4042344614096180138e-06
133,135,8.7332780855867362378e-06
135,135,2.5152515778444763881e-05
137,135,8.1720234278127588446e-06
3021,135,3.8429798036356465499e-06
4157,135,4.4042344614096180138e-06
132,136,8.0008706465125755856e-06
134,136,8.1720234278127588446e-06
136,136,5.1772750925707573019e-05
1152,136,7.9798856939817985521e-06
1166,136,6.59934980416893511e-06
3020,136,8.2103696458786773455e-06
3022,136,6.0626393187237649749e-06
4814,136,6.747612388629058371e-06
133,137,8.0008706465125755856e-06
135,137,8.1720234278127588446e-06
137,137,5.1772750925707573019e-05
1153,137,7.9798856939817985521e-06
1167,137,6.59934980416893511e-06
3021,137,8.2103696458786773455e-06
3023,137,6.0626393187237649749e-06
4815,137,6.747612388629058371e-06
138,138,3.3787416845050630837e-05
140,138,6.4260263281056764371e-06
142,138,5.7199172316465974266e-06
144,138,7.4467944427879968286e-06
2268,138,7.5834628748517832225e-06
3026,138,6.6112159676585760751e-06
139,139,3.3787416845050630837e-05
141,139,6.4260263281056764371e-06
143,139,5.7199172316465974266e-06
145,139,7.4467944427879968286e-06
2269,139,7.5834628748517832225e-06
3027,139,6.6112159676585760751e-06
138,140,6.4260263281056764371e-06
140,140,4.6253160987719729442e-05
142,140,6.2013507807079766104e-06
144,140,6.6571293963936218035e-06
148,140,6.0580461559804780005e-06
1194,140,6.9682510807281385833e-06
1196,140,7.2768552411444668705e-06
3030,140,6.6655020046593584315e-06
139,141,6.4260263281056764371e-06
141,141,4.6253160987719729442e-05
143,141,6.2013507807079766104e-06
145,141,6.6571293963936218035e-06
149,141,6.0580461559804780005e-06
1195,141,6.9682510807281385833e-06
1197,141,7.2768552411444668705e-06
3031,141,6.6655020046593584315e-06
138,142,5.7199172316465974266e-06
140,142,6.2013507807079766104e-06
142,142,3.1170992224842193814e-05
1194,142,6.5675176384330939184e-06
3024,142,6.4999261121452603024e-06
3026,142,6.1822804619092655559e-06
139,143,5.7199172316465974266e-06
141,143,6.2013507807079766104e-06
143,143,3.1170992224842193814e-05
1195,143,6.5675176384330939184e-06
3025,143,6.4999261121452603024e-06
3027,143,6.1822804619092655559e-06
138,144,7.4467944427879968286e-06
140,144,6.6571293963936218035e-06
144,144,5.5337567928803779976e-05
146,144,6.4552330917935677146e-06
148,144,6.2607245676577133654e-06
2268,144,7.948548908675297193e-06
4170,144,6.4019986354314778335e-06
4662,144,6.6078725675394100531e-06
4720,144,7.5592663185246994193e-06
139,145,7.4467944427879968286e-06
141,145,6.6571293963936218035e-06
145,145,5.5337567928803779976e-05
147,145,6.4552330917935677146e-06
149,145,6.2607245676577133654e-06
2269,145,7.948548908675297193e-06
4171,145,6.4019986354314778335e-06
4663,145,6.6078725675394100531e-06
4721,145,7.5592663185246994193e-06
144,146,6.4552330917935677146e-06
146,146,5.1500124142756375665e-05
148,146,6.3263755653670289983e-06
1188,146,6.6381037919087120967e-06
1620,146,6.2973939932612484299e-06
3028,146,6.6101132701590106349e-06
3030,146,6.3593311944146545093e-06
4168,146,6.3968609379567150042e-06
4170,146,6.4167122978954298072e-06
145,147,6.4552330917935677146e-06
147,147,5.1500124142756375665e-05
149,147,6.3263755653670289983e-06
1189,147,6.6381037919087120967e-06
1621,147,6.2973939932612484299e-06
3029,147,6.6101132701590106349e-06
3031,147,6.3593311944146545093e-06
4169,147,6.3968609379567150042e-06
4171,147,6.4167122978954298072e-06
140,148,6.0580461559804780005e-06
144,148,6.2607245676577133654e-06
146,148,6.3263755653670289983e-06
148,148,2.4768843442695013998e-05
3030,148,6.1236971536897910924e-06
141,149,6.0580461559804780005e-06
145,149,6.2607245676577133654e-06
147,149,6.3263755653670289983e-06
149,149,2.4768843442695013998e-05
3031,149,6.1236971536897910924e-06
150,150,2.2389534289182207665e-05
152,150,7.3908833825953480163e-06
154,150,7.5667504424778381049e-06
3040,150,3.8038837619957536987e-06
4188,150,3.6280167021132636101e-06
151,151,2.2389534289182207665e-05
153,151,7.3908833825953480163e-06
155,151,7.5667504424778381049e-06
3041,151,3.8038837619957536987e-06
4189,151,3.6280167021132636101e-06
150,152,7.3908833825953480163e-06
152,152,4.4893425406697097481e-05
154,152,7.3847796001250234536e-06
156,152,7.3369247553866020564e-06
1666,152,7.7189045653665952794e-06
3042,152,7.7335510663643462499e-06
4188,152,7.3283820368591790368e-06
151,153,7.3908833825953480163e-06
153,153,4.4893425406697097481e-05
155,153,7.3847796001250234536e-06
157,153,7.3369247553866020564e-06
1667,153,7.7189045653665952794e-06
3043,153,7.7335510663643462499e-06
4189,153,7.3283820368591790368e-06
150,154,7.5667504424778381049e-06
152,154,7.3847796001250234536e-06
154,154,4.5255938680670877575e-05
156,154,6.9247513952276173836e-06
1224,154,8.136467502629979911e-06
3038,154,7.3049328902819186314e-06
3040,154,7.9382568499284899264e-06
151,155,7.5667504424778381049e-06
153,155,7.3847796001250234536e-06
155,155,4.5255938680670877575e-05
157,155,6.9247513952276173836e-06
1225,155,8.136467502629979911e-06
3039,155,7.3049328902819186314e-06
3041,155,7.9382568499284899264e-06
152,156,7.3369247553866020564e-06
154,156,6.9247513952276173836e-06
156,156,3.9688573387578936766e-05
1216,156,6.0849145298999018271e-06
1238,156,5.8468566817754533333e-06
3038,156,6.6605052566274104524e-06
3042,156,6.8346207686619517136e-06
153,157,7.3369247553866020564e-06
155,157,6.9247513952276173836e-06
157,157,3.9688573387578936766e-05
1217,157,6.0849145298999018271e-06
1239,157,5.8468566817754533333e-06
3039,157,6.6605052566274104524e-06
3043,157,6.8346207686619517136e-06
158,158,5.3085254843664906016e-05
160,158,8.7332775199047270819e-06
162,158,8.0008721826938733132e-06
1684,158,7.6877731254543960439e-06
2650,158,6.9920938505807112514e-06
2652,158,6.449746337312484967e-06
4206,158,8.5654360954763911727e-06
4968,158,6.6560557322423264206e-06
159,159,5.3085254843664906016e-05
161,159,8.7332775199047270819e-06
163,159,8.0008721826938733132e-06
1685,159,7.6877731254543960439e-06
2651,159,6.9920938505807112514e-06
2653,159,6.449746337312484967e-06
4207,159,8.5654360954763911727e-06
4969,159,6.6560557322423264206e-06
158,160,8.7332775199047270819e-06
160,160,2.515251738491454625e-05
162,160,8.1720229160855676649e-06
3048,160,3.842981172552547737e-06
4206,160,4.4042357763717037659e-06
159,161,8.7332775199047270819e-06
161,161,2.515251738491454625e-05
163,161,8.1720229160855676649e-06
3049,161,3.842981172552547737e-06
4207,161,4.4042357763717037659e-06
158,162,8.0008721826938733132e-06
160,162,8.1720229160855676649e-06
162,162,5.1772874892130305263e-05
1240,162,7.9799205034169942951e-06
1254,162,6.5993811298416173595e-06
3048,162,8.2103866779060584826e-06
3050,162,6.0626635874017372862e-06
4968,162,6.7476278947844568615e-06
159,163,8.0008721826938733132e-06
161,163,8.1720229160855676649e-06
163,163,5.1772874892130305263e-05
1241,163,7.9799205034169942951e-06
1255,163,6.5993811298416173595e-06
3049,163,8.2103866779060584826e-06
3051,163,6.0626635874017372862e-06
4969,163,6.7476278947844568615e-06
164,164,3.3787969245084671145e-05
166,164,6.4261344979259978771e-06
168,164,5.720140166076251488e-06
170,164,7.4468138235355131426e-06
2482,164,7.5835014260129123714e-06
3054,164,6.6113793315339979597e-06
165,165,3.3787969245084671145e-05
167,165,6.4261344979259978771e-06
169,165,5.720140166076251488e-06
171,165,7.4468138235355131426e-06
2483,165,7.5835014260129123714e-06
3055,165,6.6113793315339979597e-06
164,166,6.4261344979259978771e-06
166,166,4.6254978925078485039e-05
168,166,6.2016980375181315682e-06
170,166,6.6571564826494996557e-06
174,166,6.058097252241917958e-06
1282,166,6.9687387275993108152e-06
1284,166,7.27735114232601281e-06
3058,166,6.6658027848176041905e-06
165,167,6.4261344979259978771e-06
167,167,4.6254978925078485039e-05
169,167,6.2016980375181315682e-06
171,167,6.6571564826494996557e-06
175,167,6.058097252241917958e-06
1283,167,6.9687387275993108152e-06
1285,167,7.27735114232601281e-06
3059,167,6.6658027848176041905e-06
164,168,5.720140166076251488e-06
166,168,6.2016980375181315682e-06
168,168,3.117240396700676991e-05
1282,168,6.5679210114996049407e-06
3052,168,6.5001552473818212868e-06
3054,168,6.1824895045309589324e-06
165,169,5.720140166076251488e-06
167,169,6.2016980375181315682e-06
169,169,3.117240396700676991e-05
1283,169,6.5679210114996049407e-06
3053,169,6.5001552473818212868e-06
3055,169,6.1824895045309589324e-06
164,170,7.4468138235355131426e-06
166,170,6.6571564826494996557e-06
170,170,5.5337610925404505597e-05
172,170,6.4552362927260160608e-06
174,170,6.2607482757743438998e-06
2482,170,7.9485524714550613286e-06
4220,170,6.4019836571142513785e-06
4842,170,6.6078602158716782944e-06
4900,170,7.5592597062781401423e-06
165,171,7.4468138235355131426e-06
167,171,6.6571564826494996557e-06
171,171,5.5337610925404505597e-05
173,171,6.4552362927260160608e-06
175,171,6.2607482757743438998e-06
2483,171,7.9485524714550613286e-06
4221,171,6.4019836571142513785e-06
4843,171,6.6078602158716782944e-06
4901,171,7.5592597062781401423e-06
170,172,6.4552362927260160608e-06
172,172,5.1500169628932968523e-05
174,172,6.3264293512590357647e-06
1276,172,6.6380578713323928645e-06
1708,172,6.2973648308584600055e-06
3056,172,6.6101313272502104231e-06
3058,172,6.3594258195496136367e-06
4218,172,6.3968325527149472911e-06
4220,172,6.4166915832422890886e-06
171,173,6.4552362927260160608e-06
173,173,5.1500169628932968523e-05
175,173,6.3264293512590357647e-06
1277,173,6.6380578713323928645e-06
1709,173,6.2973648308584600055e-06
3057,173,6.6101313272502104231e-06
3059,173,6.3594258195496136367e-06
4219,173,6.3968325527149472911e-06
4221,173,6.4166915832422890886e-06
166,174,6.058097252241917958e-06
170,174,6.2607482757743438998e-06
172,174,6.3264293512590357647e-06
174,174,2.4769053207001907446e-05
3058,174,6.1237783277266081289e-06
167,175,6.058097252241917958e-06
171,175,6.2607482757743438998e-06
173,175,6.3264293512590357647e-06
175,175,2.4769053207001907446e-05
3059,175,6.1237783277266081289e-06
176,176,2.238917622298691558e-05
178,176,7.3906996339793327877e-06
180,176,7.5665301934425171606e-06
3068,176,3.8038884775141250022e-06
4238,176,3.6280579180509402058e-06
177,177,2.238917622298691558e-05
179,177,7.3906996339793327877e-06
181,177,7.5665301934425171606e-06
3069,177,3.8038884775141250022e-06
4239,177,3.6280579180509402058e-06
176,178,7.3906996339793327877e-06
178,178,4.4889723925138337547e-05
180,178,7.3843500532542995717e-06
182,178,7.3371465981188754293e-06
1754,178,7.7170157304709563213e-06
3070,178,7.7330162290491327964e-06
4238,178,7.3274956802657338642e-06
177,179,7.3906996339793327877e-06
179,179,4.4889723925138337547e-05
181,179,7.3843500532542995717e-06
183,179,7.3371465981188754293e-06
1755,179,7.7170157304709563213e-06
3071,179,7.7330162290491327964e-06
4239,179,7.3274956802657338642e-06
176,180,7.5665301934425171606e-06
178,180,7.3843500532542995717e-06
180,180,4.5254687975461224529e-05
182,180,6.9244939583935804692e-06
1312,180,8.1363198358945154815e-06
3066,180,7.3048208320419079085e-06
3068,180,7.9381731024344039371e-06
177,181,7.5665301934425171606e-06
179,181,7.3843500532542995717e-06
181,181,4.5254687975461224529e-05
183,181,6.9244939583935804692e-06
1313,181,8.1363198358945154815e-06
3067,181,7.3048208320419079085e-06
3069,181,7.9381731024344039371e-06
178,182,7.3371465981188754293e-06
180,182,6.9244939583935804692e-06
182,182,3.9688982994582464492e-05
1304,182,6.0849655194486701129e-06
1326,182,5.8469752507477554891e-06
3066,182,6.6603696484245987865e-06
3070,182,6.8350320194489858991e-06
179,183,7.3371465981188754293e-06
181,183,6.9244939583935804692e-06
183,183,3.9688982994582464492e-05
1305,183,6.0849655194486701129e-06
1327,183,5.8469752507477554891e-06
3067,183,6.6603696484245987865e-06
3071,183,6.8350320194489858991e-06
184,184,5.3085205067416583763e-05
186,184,8.7332743836836621297e-06
188,184,8.000861536000980167e-06
1772,184,7.6877725680466502562e-06
2864,184,6.9920898089102205694e-06
2866,184,6.4497330979767250689e-06
4254,184,8.5654352832053067674e-06
5148,184,6.6560383895930388048e-06
185,185,5.3085205067416583763e-05
187,185,8.7332743836836621297e-06
189,185,8.000861536000980167e-06
1773,185,7.6877725680466502562e-06
2865,185,6.9920898089102205694e-06
2867,185,6.4497330979767250689e-06
4255,185,8.5654352832053067674e-06
5149,185,6.6560383895930388048e-06
184,186,8.7332743836836621297e-06
186,186,2.5152508617959468498e-05
188,186,8.172018977295791083e-06
3076,186,3.8429799252960704251e-06
4254,186,4.4042353316839389306e-06
185,187,8.7332743836836621297e-06
187,187,2.5152508617959468498e-05
